14
-24
-8
18
-30
4
5
25
-11
-23
21
30
-12
4
-2
-14
-29
-27
-11
14
9
-5
25
-25
-27
6
11
11
-26
-2
2
-4
-5
28
16
-13
-11
-14
-23
14
-12
11
17
-4
14
21
9
-15
-12
6
27
6
6
-9
2
-4
-17
-29
-13
18
-5
-24
14
-3
25
-20
-19
20
-5
-10
13
24
-23
-4
-24
22
20
-19
-29
-1
-19
1
10
-9
-24
28
-17
2
15
-4
8
-27
11
5
21
5
-20
-26
-14
-24
-4
-6
-25
12
5
5
-1
30
21
20
-20
-4
-13
-20
-25
5
-4
-7
-13
-11
-25
-28
16
-11
24
6
27
1
-7
8
8
-12
3
0
20
-16
-9
-11
-28
-7
-23
-28
22
-7
-30
-24
-12
7
3
-11
-30
27
5
19
21
-25
-20
0
1
19
14
-6
-19
-3
26
-1
18
-23
-14
-5
1
15
5
30
26
-23
-2
-4
-18
-17
29
0
-22
-14
15
-20
-5
-18
7
-6
26
9
-16
-26
9
22
-3
15
-17
25
-21
-14
10
29
6
2
-3
26
27
25
-9
23
19
10
22
-3
-15
22
-25
-20
3
-6
17
-6
8
17
-7
-7
30
-15
-5
3
-27
-14
2
16
30
-16
-21
-7
5
-17
-25
-8
7
-3
6
-10
10
21
-1
-23
5
-19
12
-27
-21
9
-7
-22
-12
10
1
-23
22
24
27
20
8
0
17
27
-8
-27
-26
-9
3
-9
7
-27
12
-4
11
6
3
-4
3
1
22
12
-2
11
-26
-13
-22
-29
-22
13
-4
-20
-19
-1
13
2
-21
1
-24
2
13
-26
17
30
-6
-6
6
2
-3
-6
7
5
-29
-13
25
26
28
14
-28
-11
-3
-2
25
-10
-5
-10
-7
-6
17
9
26
4
-25
-28
10
-26
-7
-17
5
17
-2
-20
12
25
16
-29
20
-27
-20
2
-13
27
-16
21
-9
-1
-27
-4
20
10
28
-22
19
-9
19
-11
-6
0
5
-4
9
-25
-1
-8
2
-27
1
29
5
12
-7
-19
5
25
-25
27
-10
0
-9
0
16
12
4
18
29
1
7
-24
-30
-10
-3
26
17
21
24
-18
-10
-12
18
-19
15
-29
13
11
-16
-22
-20
21
4
-20
25
21
-10
-4
21
23
-5
-22
-24
-28
14
-22
7
16
-26
6
-26
1
29
-10
25
10
-23
-15
0
24
-3
0
26
-3
-27
14
21
17
24
-16
3
-6
-10
18
-27
2
-27
28
-18
30
-20
-8
28
-25
-22
-4
22
-3
5
26
24
2
29
-18
-19
-8
-8
27
-5
7
10
4
6
4
-28
15
-21
-21
-11
-10
-24
2
-13
-7
-22
1
28
-3
10
-22
-27
-16
6
-26
-14
-12
-13
25
-16
-29
22
6
-1
16
7
29
-3
3
10
24
-2
-12
27
-21
28
9
5
29
-7
9
-7
24
19
-26
29
7
-28
20
16
-14
10
26
-25
9
10
25
3
-30
-11
-14
-22
3
-13
-7
-3
14
-6
-16
-27
-3
22
-27
24
12
-25
-15
-6
-7
3
-23
29
-13
12
19
-29
-17
-12
2
14
-18
-5
-30
12
9
19
28
-22
-27
-16
-14
15
23
17
24
16
15
-2
20
28
-27
5
-26
-11
28
16
19
8
-10
4
-19
-30
-18
5
16
7
27
-23
3
-3
27
18
19
-25
-19
10
-20
-26
28
16
-21
-16
-26
12
-30
1
12
-6
-26
0
19
-4
-15
-21
-15
-1
-1
22
-9
25
-12
15
5
-19
-30
-21
-22
-6
11
-23
-1
0
23
8
-16
29
-23
-20
11
16
24
-1
-24
-18
25
26
16
8
-10
15
-18
-10
-24
-11
-20
28
-5
-14
7
27
9
-1
-27
18
-9
19
-20
-5
15
23
-14
-19
-5
23
-4
-1
-7
2
-19
28
-6
16
19
-20
-14
-4
22
2
17
30
27
-23
-6
-1
17
7
4
20
-25
-7
-27
25
-28
-22
23
-18
-22
20
0
19
23
-5
21
-24
-15
-15
-1
23
-7
15
22
23
5
-10
1
17
-22
2
22
-15
3
29
-8
-7
15
21
8
29
-26
-10
-24
23
1
-27
25
-12
7
-4
-28
-22
-24
-2
15
-20
-4
-28
27
30
-3
6
-29
30
-21
-20
-18
20
24
-4
-26
-4
15
8
25
19
18
-23
4
22
-21
30
-21
0
3
30
7
26
-20
5
-5
11
17
22
15
-13
-28
-19
22
-29
-3
5
1
16
16
27
5
-17
5
-24
-6
4
-8
-14
16
-9
9
-25
-14
-3
20
21
-27
11
-19
10
29
-23
-7
-12
11
-30
12
11
-20
23
-15
1
6
-27
25
1
-8
17
-3
7
-29
20
-12
2
12
22
-15
10
6
-17
-11
-22
-7
